    19624.6           17308.4        1 1 1 1 1 1 1 1 0 0  14587 11879  9429  7262  5357  3681  2202   969     0.047912
    19624.7           17308.6        1 1 1 1 1 1 1 1 0 0  14587 11879  9429  7262  5358  3681  2202   969     0.047912
    19624.8           17308.7        1 1 1 1 1 1 1 1 0 0  14587 11879  9429  7263  5358  3682  2202   969     0.047912
    19624.9           17308.9        1 1 1 1 1 1 1 1 0 0  14587 11879  9429  7263  5358  3682  2202   969     0.047912
    19625.0           17309.0        1 1 1 1 1 1 1 1 0 0  14588 11880  9429  7263  5358  3682  2203   969     0.047912
    19625.2           17309.2        1 1 1 1 1 1 1 1 0 0  14588 11880  9430  7263  5359  3682  2203   969     0.047911
    19625.3           17309.3        1 1 1 1 1 1 1 1 0 0  14588 11880  9430  7264  5359  3683  2203   969     0.047911
    19625.4           17309.5        1 1 1 1 1 1 1 1 0 0  14588 11880  9430  7264  5359  3683  2203   970     0.047911
    19625.5           17309.6        1 1 1 1 1 1 1 1 0 0  14588 11881  9430  7264  5359  3683  2203   970     0.047911
    19625.6           17309.8        1 1 1 1 1 1 1 1 0 0  14589 11881  9431  7264  5360  3683  2204   970     0.047911
    19625.7           17309.9        1 1 1 1 1 1 1 1 0 0  14589 11881  9431  7265  5360  3684  2204   970     0.047911
    19625.8           17310.1        1 1 1 1 1 1 1 1 0 0  14589 11881  9431  7265  5360  3684  2204   970     0.047911
    19626.0           17310.2        1 1 1 1 1 1 1 1 0 0  14589 11881  9431  7265  5360  3684  2204   970     0.047911
    19626.1           17310.4        1 1 1 1 1 1 1 1 0 0  14590 11882  9432  7265  5361  3684  2205   970     0.047910
    19626.2           17310.5        1 1 1 1 1 1 1 1 0 0  14590 11882  9432  7266  5361  3684  2205   970     0.047910
	Contact pressure reaches tubesheet strength control critical value.